-6.92811 -7.04785 0
-6.11523 -8.02887 0
-6.016 -6.03558 0
-7.93017 -8.01853 0
-8.15269 -3.73262 0
-8.24627 -6.38644 0
-9.44688 -6.75531 0
-7.22294 -5.39349 0
-4.87127 -7.57888 0
-7.85045 -9.58234 0
-8.72344 -5.24774 0
-6.04432 -9.53339 0
-9.37171 -7.83186 0
-4.30738 -5.56193 0
-5.11113 -6.51251 0
-6.83527 -2.8369 0
-6.96941 -8.81497 0
1.69387 4.19374 0
0.916037 3.04769 0
0.254894 4.62357 0
3.42683 4.07907 0
4.85282 4.39879 0
-0.884569 3.52328 0
2.48235 5.41486 0
6.10285 3.47079 0
-0.390422 2.25233 0
0.197547 6.02347 0
4.06434 5.54616 0
2.61928 2.89897 0
4.38431 2.80583 0
-1.20342 4.86522 0
1.35749 5.47828 0
-3.29668 4.53321 0
2.03517 6.47211 0
-2.24394 3.91055 0
5.44744 6.19852 0
-2.57287 5.81277 0
6.02174 5.02379 0
1.08333 1.62614 0
8.28451 2.96603 0
-1.76334 2.60281 0
2.79844 1.55236 0
7.36547 4.14177 0
-4.0325 5.66892 0
5.42512 2.31871 0
3.86795 1.6738 0
-1.46518 1.46086 0
