-6.92811 -7.04785 1
-6.11523 -8.02887 1
-6.016 -6.03558 1
-7.93017 -8.01853 1
-8.15269 -3.73262 1
-8.24627 -6.38644 1
-9.44688 -6.75531 1
-7.22294 -5.39349 1
-4.87127 -7.57888 1
-7.85045 -9.58234 1
-8.72344 -5.24774 1
-6.04432 -9.53339 1
-9.37171 -7.83186 1
-4.30738 -5.56193 1
-5.11113 -6.51251 1
-6.83527 -2.8369 1
-6.96941 -8.81497 1
1.69387 4.19374 1
0.916037 3.04769 1
0.254894 4.62357 1
3.42683 4.07907 1
4.85282 4.39879 1
-0.884569 3.52328 1
2.48235 5.41486 1
6.10285 3.47079 1
-0.390422 2.25233 1
0.197547 6.02347 1
4.06434 5.54616 1
2.61928 2.89897 1
4.38431 2.80583 1
-1.20342 4.86522 1
1.35749 5.47828 1
-3.29668 4.53321 1
2.03517 6.47211 1
-2.24394 3.91055 1
5.44744 6.19852 1
-2.57287 5.81277 1
6.02174 5.02379 1
1.08333 1.62614 1
8.28451 2.96603 1
-1.76334 2.60281 1
2.79844 1.55236 1
7.36547 4.14177 1
-4.0325 5.66892 1
5.42512 2.31871 1
3.86795 1.6738 1
-1.46518 1.46086 1
