0.0339952 0.081525 1
1.60166 7.09547 1
7.05956 2.98907 1
3.15643 6.61524 1
1.88739 8.73337 1
1.65408 5.36574 1
5.83115 6.04766 1
0.605303 3.38379 1
1.84716 3.57015 1
4.4365 7.35151 1
-0.867604 6.11375 1
2.93653 2.03538 1
0.261045 8.02817 1
7.39482 5.52324 1
-2.90241 5.4057 1
-0.115198 5.17205 1
-1.04417 3.37736 1
3.31084 8.15534 1
-0.36776 7.27878 1
-1.75392 7.93498 1
3.8257 0.0079776 1
3.02131 4.80764 1
5.43577 4.6026 1
-2.60032 3.76393 1
0.297603 1.80764 1
4.84216 0.991127 1
4.70401 -1.55465 1
6.95891 7.43185 1
5.59832 3.08246 1
-1.81311 4.72811 1
4.32768 2.38804 1
2.32946 13.3262 1
-0.285285 8.83884 1
-3.29067 7.29394 1
4.14359 5.43658 1
4.59953 10.1487 1
4.93769 8.76018 1
1.62087 10.0462 1
-1.39672 1.64157 1
0.620609 9.99356 1
-2.59171 8.93197 1
8.47828 2.21029 1
2.16853 0.470717 1
2.60715 -0.830882 1
-4.16858 8.03277 1
3.30249 9.82685 1
1.28609 -0.448871 1
9.06621 5.07924 1
6.43324 1.43796 1
1.27957 1.16808 1
-1.49288 0.16577 1
0.844047 6.08842 1
6.41911 9.18741 1
-4.76696 4.10262 1
5.92357 7.6767 1
-3.56788 2.78427 1
-0.128702 -0.983975 1
8.22102 10.9052 1
-2.58439 1.78432 1
4.75275 11.9769 1
-1.56889 14.5574 1
2.67011 11.19 1
-2.89769 0.516341 1
-1.5785 9.40692 1
-4.89925 9.43487 1
9.05224 9.1024 1
2.01393 -2.03268 1
6.21086 0.0894401 1
7.23244 4.26811 1
8.40152 3.50004 1
9.80852 5.94226 1
10.2272 4.52817 1
8.54533 6.45885 1
9.062 7.97195 1
10.0433 9.85575 1
7.83344 8.94411 1
7.07417 10.5536 1
10.0988 8.16266 1
7.55207 12.2758 1
9.31386 11.2344 1
13.0508 6.00435 1
14.2211 6.01858 1
12.2772 5.00339 1
13.3049 7.28538 1
11.9872 6.74253 1
13.957 4.51561 1
