-6.82523 -7.30202 0.866667
-7.66449 -7.17125 0.866667
-5.79588 -7.69196 0.0666667
-5.81377 -6.31897 0.0666667
-6.17163 -6.7909 0.866667
-5.42338 -7.92232 0.0666667
-6.08024 -6.81958 0.866667
-6.98524 -7.23578 0.866667
-6.25754 -6.91275 0.866667
-6.05546 -8.04448 0.0666667
-7.29463 -8.58269 1
-8.15269 -3.73262 1.53333
-6.6138 -7.52029 0.866667
-7.96302 -6.20061 0.2
-7.00087 -6.71533 0.866667
-6.74791 -8.10875 0.0666667
-7.31845 -8.46495 1
-8.64233 -7.47229 1
-6.40757 -7.62213 0.866667
-9.0471 -6.37772 0.2
-10.2976 -6.61572 1.26667
-7.23652 -5.94978 0.2
-4.03608 -7.89315 0.0666667
-6.31704 -6.07439 0.0666667
-7.06203 -5.15857 0.2
-6.86344 -7.02584 0.866667
-5.99626 -7.1464 0.866667
-5.46978 -6.10206 0.0666667
-7.43998 -6.46382 0.866667
-7.64926 -7.73063 0.866667
-6.01591 -6.32758 0.0666667
-7.55833 -8.02073 1
-7.229 -8.24129 1
-5.55914 -7.60453 0.0666667
-5.4089 -5.68743 0.0666667
-7.04656 -5.67791 0.2
-8.69444 -6.29428 0.2
-7.5098 -7.20569 0.866667
-6.89247 -6.92581 0.866667
-6.77582 -8.51808 0.0666667
-4.30821 -8.33734 0.0666667
-7.47054 -5.12839 0.2
-5.25348 -6.50389 0.0666667
-7.00856 -6.19292 0.866667
-7.74019 -7.50898 0.866667
-6.68863 -5.85297 0.0666667
-6.88345 -5.94854 0.0666667
-7.17795 -7.52024 0.866667
-9.36085 -6.49546 1.26667
-8.57152 -6.7233 0.2
-8.54836 -7.78564 1
-7.3137 -7.99386 1
-7.54294 -7.40099 0.866667
-7.03358 -7.6534 0.866667
-7.70273 -6.20076 0.2
-6.53777 -6.50904 0.866667
-7.30775 -6.33581 0.866667
-7.04736 -7.38107 0.866667
-7.1653 -6.90439 0.866667
-7.7957 -5.32722 0.2
-7.16176 -5.74978 0.2
-7.79681 -7.24129 0.866667
-6.60423 -7.98582 0.866667
-7.63997 -7.00277 0.866667
-8.15725 -7.53014 1
-5.79664 -5.81646 0.0666667
-7.72264 -5.96478 0.2
-7.69911 -9.52344 0.933333
-6.97434 -5.52027 0.2
-8.40047 -7.44894 1
-6.42849 -5.67559 0.0666667
-7.33219 -6.98332 0.866667
-5.93683 -5.69165 0.0666667
-8.7952 -6.22589 0.2
-6.265 -6.97688 0.866667
-7.03384 -6.62043 0.866667
-7.90872 -5.94963 0.2
-8.2002 -7.65571 1
-9.13466 -5.54573 1.86667
-5.98396 -9.56478 1.13333
-6.26682 -5.13566 0.0666667
-6.45744 -6.8418 0.866667
-7.43315 -6.98079 0.866667
-6.77952 -7.74209 0.866667
-7.63799 -7.0711 0.866667
-7.50947 -7.2877 0.866667
-6.02774 -8.02842 0.0666667
-6.49159 -6.92962 0.866667
-5.97795 -7.43009 0.0666667
-6.66391 -7.55205 0.866667
-6.6334 -7.24488 0.866667
-6.73727 -6.55669 0.866667
-7.87083 -7.9579 1
-6.21128 -7.06899 0.866667
-6.57931 -7.12541 0.866667
-6.90548 -7.44798 0.866667
-6.51797 -7.31982 0.866667
-8.00172 -8.65064 1
-5.37633 -6.65487 0.0666667
-5.6891 -6.44253 0.0666667
-6.55912 -8.23667 0.0666667
-9.37171 -7.83186 1.66667
-7.62394 -7.37729 0.866667
-6.49805 -7.8192 0.866667
-7.6158 -8.37339 1
-8.09403 -6.31992 0.2
-7.11957 -8.22421 1
-6.51709 -6.07345 0.0666667
-6.4887 -7.97484 0.0666667
-5.67099 -9.11167 1.13333
-6.5915 -7.29318 0.866667
-6.24446 -6.37868 0.866667
-7.31474 -5.6365 0.2
-6.66493 -4.85137 0.2
-8.17425 -6.88501 0.2
-7.50768 -6.07371 0.2
-6.3784 -6.52076 0.866667
-5.10159 -5.68562 0.0666667
-6.32317 -8.4854 0.0666667
-5.69122 -7.3797 0.0666667
-6.08006 -5.20696 0.0666667
-8.11508 -7.22846 1
-6.48009 -6.25077 0.866667
-7.39856 -8.42035 1
-7.08938 -7.69353 0.866667
-5.64381 -6.00992 0.0666667
-6.68086 -6.24462 0.866667
-5.68136 -6.47216 0.0666667
-8.29717 -7.79202 1
-5.03737 -8.29925 0.0666667
-7.55595 -8.42135 1
-7.3283 -7.37251 0.866667
-8.00407 -6.78301 0.2
-6.84372 -7.0804 0.866667
-6.36357 -5.39294 0.0666667
-7.14287 -7.42675 0.866667
-8.50361 -5.64537 0.2
-5.00489 -7.29356 0.0666667
-7.04291 -7.67702 0.866667
-6.4471 -5.78896 0.0666667
-8.26404 -6.23692 0.2
-7.41767 -8.5901 1
-6.1727 -5.40273 0.0666667
-5.77469 -10.2484 1.13333
-8.45451 -7.2524 1
-5.7246 -6.4242 0.0666667
-4.30738 -5.56193 0.933333
-7.97596 -8.53994 1
-6.19661 -7.63743 0.866667
-7.12455 -6.30835 0.866667
-5.11113 -6.51251 1.13333
-5.28063 -7.72688 0.0666667
-7.06271 -6.79386 0.866667
-7.10757 -7.18782 0.866667
-8.05241 -6.96372 0.2
-6.63577 -7.27395 0.866667
-7.61171 -5.98943 0.2
-6.76762 -7.42804 0.866667
-8.98892 -7.27782 1.26667
-6.40009 -8.99909 1.13333
-6.14749 -8.29909 0.0666667
-7.18191 -7.50467 0.866667
-7.11338 -6.34616 0.866667
-9.46103 -6.94411 1.26667
-7.70626 -5.73959 0.2
-6.87813 -6.27236 0.866667
-7.87477 -8.36164 1
-6.89916 -7.22913 0.866667
-7.74259 -7.1032 0.866667
-6.32323 -7.4376 0.866667
-5.08456 -6.76871 0.0666667
-8.39323 -7.85401 1
-7.08607 -7.24546 0.866667
-6.9361 -6.832 0.866667
-6.65612 -8.39792 0.0666667
-6.02257 -8.76201 0.0666667
-6.14907 -7.03896 0.866667
-8.43784 -7.74547 1
-5.7211 -5.96389 0.0666667
-6.25653 -8.1225 0.0666667
-7.65368 -8.02325 1
-7.60037 -7.49683 0.866667
-6.91814 -5.98648 0.0666667
-6.67023 -6.97205 0.866667
-6.60596 -7.52864 0.866667
-6.94543 -7.56791 0.866667
-7.82852 -8.96799 1
-6.83527 -2.8369 0.133333
-8.40276 -7.5128 1
-8.75801 -5.1894 1.86667
-6.46408 -6.6307 0.866667
-6.92897 -6.35702 0.866667
-6.11161 -6.95638 0.866667
-7.431 -7.63348 0.866667
-7.65255 -5.39559 0.2
-5.94575 -5.94977 0.0666667
-5.58568 -6.42222 0.0666667
-6.09536 -8.68128 0.0666667
-5.76781 -5.74157 0.0666667
-6.18902 -7.89229 0.0666667
-6.54146 -5.89107 0.0666667
-8.48781 -6.26979 0.2
-6.21678 -6.22561 0.0666667
-7.25745 -6.84376 0.866667
-7.5271 -6.8243 0.866667
-8.33795 -7.81569 1
-5.74293 -6.18273 0.0666667
-6.68059 -6.31454 0.866667
-7.44285 -5.39849 0.2
-7.86135 -6.11742 0.2
-6.30031 -7.55874 0.866667
-4.84975 -7.55769 0.0666667
-5.02834 -8.45136 0.0666667
-8.34512 -6.03214 0.2
-6.09922 -7.34117 0.866667
-7.55293 -6.51746 0.866667
-5.36279 -6.48432 0.0666667
-7.27154 -7.3243 0.866667
-7.42993 -6.58854 0.866667
-7.75779 -7.93788 1
-7.429 -6.32739 0.866667
-6.49776 -7.26269 0.866667
-8.00179 -9.64124 0.933333
-6.65063 -6.9167 0.866667
-7.13488 -6.47121 0.866667
-8.23235 -6.53657 0.2
-8.25279 -6.90933 0.2
-6.99349 -7.34228 0.866667
-4.89438 -6.90225 0.0666667
-6.45448 -6.52907 0.866667
-5.80398 -6.50911 0.0666667
-6.15849 -7.46584 0.866667
-7.10427 -6.95999 0.866667
-6.72715 -6.42631 0.866667
-6.20263 -6.23461 0.0666667
-6.6105 -5.89352 0.0666667
-8.27947 -7.33303 1
-8.19376 -6.7157 0.2
-7.09813 -6.31997 0.866667
-6.4079 -5.72609 0.0666667
-8.16171 -8.31552 1
-6.96941 -8.81497 1.93333
-7.36381 -7.7224 0.866667
-7.48943 -6.71073 0.866667
-7.934 -7.7029 1
-6.29044 -6.43865 0.866667
-6.92104 -6.04393 0.0666667
-6.39189 -9.74297 1.13333
-6.58832 -6.51535 0.866667
-8.05275 -6.69356 0.2
-8.8389 -6.81063 0.2
-8.27764 -5.00809 1.86667
-9.25876 -7.07108 1.26667
-7.60806 -7.10584 0.866667
-6.3795 -5.70602 0.0666667
-5.99631 -7.82648 0.0666667
-6.8786 -8.4233 0.0666667
-7.40822 -7.41563 0.866667
-5.81801 -6.74913 0.0666667
-5.17839 -6.16161 0.0666667
-7.44962 -5.32806 0.2
-7.14121 -7.82205 0.866667
-6.62615 -4.99341 0.2
-6.38763 -8.04954 0.0666667
-6.70464 -7.13808 0.866667
-7.90565 -6.44368 0.2
-7.32934 -6.96439 0.866667
-7.7275 -6.52958 0.866667
-7.67335 -6.9234 0.866667
-5.91104 -6.55854 0.0666667
-6.84379 -6.88917 0.866667
-6.84012 -8.01767 0.866667
-8.34135 -7.01059 0.2
-6.19673 -6.81214 0.866667
-9.31406 -6.12766 1.26667
-6.43855 -7.21509 0.866667
-6.09077 -7.00232 0.866667
-8.90592 -6.50863 0.2
-6.62917 -6.68346 0.866667
-7.7032 -7.26154 0.866667
-6.63904 -6.06188 0.0666667
-8.20102 -6.63118 0.2
-7.67604 -8.3646 1
-5.08129 -7.09677 0.0666667
-5.61271 -7.55515 0.0666667
-5.81694 -7.53132 0.0666667
-5.92799 -6.21216 0.0666667
-7.16954 -7.00288 0.866667
-8.45883 -6.44092 0.2
-7.6297 -7.14513 0.866667
-8.52105 -6.32172 0.2
-7.06191 -6.29865 0.866667
-6.02459 -6.17155 0.0666667
-8.45622 -5.96588 0.2
-8.74843 -6.77101 0.2
-7.14583 -7.2283 0.866667
-7.88029 -8.62839 1
-6.9479 -6.6266 0.866667
-8.45244 -7.43855 1
-5.38782 -7.18866 0.0666667
1.76147 4.47721 0.2
1.27389 3.19061 0.4
1.38456 3.7139 0.2
2.14973 4.00119 0.2
0.148824 6.17949 0.0666667
4.56034 4.46378 1.93333
1.18621 3.00742 0.4
0.263847 3.63222 0.4
6.46291 4.91557 0.8
2.17902 4.27377 0.2
1.25658 4.05988 0.2
1.62683 2.75987 0.4
2.12827 3.63839 0.2
-0.615211 3.31269 0.933333
0.040464 3.96731 1.8
2.60341 5.05975 1.53333
4.70229 3.80479 1.93333
7.08196 3.48272 1.2
2.13424 4.95447 0.2
-0.137853 2.11294 1.73333
0.803451 3.15107 0.4
0.43354 6.34621 0.0666667
1.89641 4.16481 0.2
0.602112 3.08231 0.4
1.89507 5.27881 1.53333
4.54736 4.09694 1.93333
3.56465 4.63721 0.333333
4.25493 3.74328 0.333333
4.63031 6.91263 0
2.59184 3.38431 0.6
2.78408 4.5277 0.333333
1.12946 2.6608 0.4
-0.260392 5.00907 1.8
0.91751 4.65935 0.2
2.12858 3.82552 0.2
0.944022 3.1987 0.4
4.16595 2.86641 1.6
-1.35122 5.51086 1.73333
-0.261817 4.22231 1.8
1.21515 5.30675 0.533333
1.46895 4.25464 0.2
0.456848 4.4488 1.8
3.56341 4.37483 0.333333
1.14751 3.59846 0.2
1.51608 4.04377 0.2
-3.63124 4.15208 1.33333
1.65381 2.62594 0.4
1.91938 2.54956 0.6
6.4978 2.91799 1.2
1.30039 4.48405 0.2
1.57976 3.69866 0.2
1.55081 4.47118 0.2
2.2829 3.94026 0.2
0.451327 4.79903 1.8
5.29282 4.56702 1.93333
0.599534 3.72944 0.4
2.93939 5.22139 1.53333
3.85801 5.77339 1.06667
3.38632 3.32521 0.333333
1.89681 6.39829 0
-3.32773 5.09797 1.33333
4.18681 5.2591 1.06667
-1.70618 3.03749 0.933333
-0.593902 3.89856 0.933333
3.03287 3.55301 0.333333
2.27888 4.36924 0.2
1.99728 5.60906 1.53333
-0.543637 4.29032 1.8
0.867055 5.09984 1.8
-0.327259 3.77028 0.933333
0.975182 4.59003 0.2
0.353468 3.55622 0.4
3.81403 5.19631 1.06667
0.978466 4.71191 0.2
3.54417 5.4462 1.06667
2.82605 3.83664 0.333333
-1.28382 4.01982 0.933333
4.56451 4.51075 1.93333
-0.967984 3.13959 0.933333
1.1836 4.67448 0.2
-2.05636 4.31394 1.8
0.468734 5.25321 1.8
5.94363 3.93314 1.2
-0.111674 3.50433 0.933333
0.419804 4.97383 1.8
0.730809 4.59417 1.8
2.44738 4.69603 0.2
-0.00622886 6.15991 0.0666667
4.73376 2.25688 1.6
2.77156 4.40006 0.333333
0.497594 2.7999 0.4
1.66347 3.4488 0.2
0.0601631 2.97192 0.4
-1.07986 2.31841 1.73333
0.612637 6.14371 0.0666667
4.88011 3.67772 1.93333
0.935181 2.95511 0.4
2.94912 4.72061 0.333333
-0.120878 5.14958 1.8
1.04236 3.76795 0.2
-0.364806 4.85192 1.8
0.988598 4.99441 1.8
-0.386415 5.53378 0.0666667
2.29278 2.60654 0.6
0.187076 4.08837 1.8
0.514684 6.48353 0.0666667
1.31886 4.05034 0.2
0.660221 3.26087 0.4
0.649513 3.2986 0.4
2.11022 2.40028 0.6
-1.27406 3.30218 0.933333
0.329019 4.42941 1.8
4.64648 4.05127 1.93333
-0.862164 2.86898 0.933333
3.7271 3.52781 0.333333
1.08377 4.59687 0.2
2.61977 4.44008 0.2
-1.24281 4.10198 0.933333
2.05882 4.66786 0.2
-0.0235758 4.87914 1.8
1.96075 3.42759 0.2
-0.720855 5.41299 1.73333
6.50708 3.37204 1.2
2.30424 3.75076 0.2
1.49318 4.96987 0.2
0.974615 4.50233 0.2
0.613534 5.90898 0.0666667
1.12692 4.79648 0.2
-0.766038 4.55116 1.73333
4.53936 4.77118 1.93333
4.46021 2.9774 1.6
2.57109 3.2712 0.6
0.885038 3.05981 0.4
2.11197 3.7192 0.2
2.01086 4.57671 0.2
3.02507 2.87214 0.6
2.16509 4.5957 0.2
3.84596 4.23232 0.333333
1.73443 3.6126 0.2
3.02636 5.07019 1.53333
1.6139 3.81619 0.2
-0.456558 5.36875 0.0666667
3.04854 3.46259 0.333333
5.44744 6.19852 1.4
1.60445 3.08975 0.4
-0.318711 3.18854 0.933333
2.50146 5.51304 1.53333
-1.73355 4.18237 1.73333
0.170871 3.86132 1.8
3.43894 2.65537 0.6
0.494256 3.95739 1.8
2.33345 5.33974 1.53333
-2.57287 5.81277 1.26667
3.6077 3.2529 0.333333
4.76829 5.57596 1.06667
5.36063 3.33516 1.2
0.299427 5.32614 1.8
0.653805 2.5227 0.4
5.58057 5.13201 0.8
6.25053 3.40492 1.2
3.25617 4.0745 0.333333
0.934281 2.89829 0.4
2.99319 4.22639 0.333333
0.826987 4.38451 0.2
1.87474 4.62979 0.2
1.09831 1.42214 0.666667
-0.611779 2.45502 1.73333
0.866083 4.62564 0.2
0.454234 5.02223 1.8
2.56112 4.60448 0.2
0.0576178 4.44888 1.8
4.33857 4.71918 1.93333
0.583411 6.16531 0.0666667
2.0265 3.04476 0.6
3.47332 3.9244 0.333333
8.05966 2.41473 0.333333
-1.09031 3.67556 0.933333
3.65096 4.28448 0.333333
3.01905 4.17741 0.333333
1.92783 4.43192 0.2
2.2636 5.40317 1.53333
2.40053 3.35232 0.6
0.534967 3.05206 0.4
2.10858 5.24166 1.53333
6.36093 4.11725 1.2
2.54684 3.13818 0.6
2.52394 2.99647 0.6
-0.154167 3.83991 1.8
5.93532 3.50888 1.2
2.78062 5.86846 1.53333
3.06155 3.12534 0.6
3.99466 3.35243 0.333333
0.58328 3.02502 0.4
2.50129 5.05736 1.53333
3.72699 3.76823 0.333333
-0.163607 5.38412 1.8
2.04409 3.79947 0.2
0.194738 4.58802 1.8
-1.27452 4.81509 1.73333
3.20689 2.8675 0.6
2.75566 4.43466 0.333333
2.1805 4.71725 0.2
0.210565 3.68006 0.4
1.95614 3.63837 0.2
0.6676 5.26026 1.8
-1.67925 3.90757 0.933333
2.17004 2.59164 0.6
-1.76438 2.68821 1.8
1.43676 3.66713 0.2
4.19138 3.96137 0.333333
0.783885 4.12795 0.2
-0.776374 5.24927 1.73333
2.59391 3.89149 0.2
5.81018 3.30779 1.2
2.61863 3.16921 0.6
2.4473 2.02997 0.6
8.08785 3.2113 0.333333
4.07866 4.388 0.333333
2.96197 3.99615 0.333333
0.497618 4.75705 1.8
2.0797 4.21813 0.2
2.99387 3.92585 0.333333
4.49416 4.87347 1.93333
1.54476 4.37684 0.2
1.63478 5.29974 1.53333
4.05084 3.5732 0.333333
1.53708 3.46894 0.2
4.07761 4.97487 1.93333
-0.110508 3.82301 1.8
-0.952865 4.46988 0.933333
2.52919 5.3307 1.53333
1.18278 2.89413 0.4
0.808556 4.16592 0.2
0.580806 3.96321 0.4
-1.00391 5.20039 1.73333
2.78222 4.38807 0.333333
1.10622 4.66866 0.2
4.06552 4.71046 0.333333
1.16653 2.51988 0.4
-1.00877 4.73247 1.73333
3.4461 4.04947 0.333333
3.4946 2.76219 0.6
2.53303 4.96858 1.53333
0.593136 4.67075 1.8
-0.267361 5.58063 0.0666667
2.60626 3.99034 0.2
3.68732 4.46614 0.333333
-1.16597 3.72181 0.933333
3.47181 4.53899 0.333333
3.34307 4.50056 0.333333
1.0536 4.02363 0.2
2.70622 3.52465 0.333333
2.25673 5.29511 1.53333
1.47317 4.67359 0.2
4.25531 3.73677 0.333333
3.40549 4.43691 0.333333
-0.0460526 3.81792 1.8
-2.45532 3.87109 1.8
1.7651 4.95426 0.2
1.83669 4.46343 0.2
-2.93106 4.34958 1.33333
3.34738 3.89945 0.333333
5.29261 4.45476 1.93333
4.67914 3.0646 1.6
1.40221 4.32716 0.2
2.96462 3.04618 0.6
3.06297 5.78243 1.53333
2.07543 3.19611 0.6
1.67804 2.99509 0.4
2.13122 4.03429 0.2
0.860174 5.2482 1.8
5.55645 3.43832 1.2
1.11965 2.91733 0.4
2.93579 4.8986 0.333333
-0.095606 4.22239 1.8
0.938996 3.62225 0.2
0.826944 4.40487 0.2
2.52666 4.64604 0.2
4.09728 5.53758 1.06667
2.32041 3.66159 0.2
4.13752 4.53901 0.333333
0.681678 5.21419 1.8
6.52092 4.28399 1.2
1.98344 3.02398 0.6
1.0522 4.66129 0.2
-0.513967 2.3614 1.73333
-1.27265 3.74551 0.933333
1.41715 5.08677 0.2
0.138939 3.72924 1.8
2.23043 5.51438 1.53333
3.15496 5.13229 1.53333
5.04635 2.75247 1.6
3.4468 4.16517 0.333333
-1.46146 4.82061 1.73333
3.35147 3.22328 0.333333
1.47262 5.20608 0.533333
1.89454 4.56585 0.2
2.55943 5.65244 1.53333
3.54644 4.96591 0.333333
3.13031 4.0053 0.333333
2.23604 3.32144 0.6
1.48112 3.6399 0.2
3.39563 4.4797 0.333333
1.22166 4.20272 0.2
1.47095 4.74822 0.2
-1.03426 4.56205 1.73333
1.13387 3.14503 0.4
0.528746 4.8734 1.8
-0.159994 3.21985 0.933333
2.29017 4.63017 0.2
1.93353 4.24199 0.2
3.36705 3.91856 0.333333
1.803 6.19333 0.533333
1.53807 3.54945 0.2
4.39363 2.61861 1.6
-0.712191 3.56287 0.933333
-1.79154 3.83234 0.933333
3.2883 4.40747 0.333333
2.42515 2.90973 0.6
4.98244 5.16919 1.93333
-0.298501 3.37255 0.933333
2.78097 3.21998 0.6
3.25708 4.74053 0.333333
3.95577 3.52248 0.333333
0.49199 3.21373 0.4
4.21516 6.39438 1.06667
3.61602 3.57061 0.333333
1.6284 4.47689 0.2
4.57179 4.65067 1.93333
3.21436 3.1472 0.333333
-0.939843 2.28485 1.73333
2.79721 1.43073 1.6
3.18259 4.93205 0.333333
3.07419 4.89718 0.333333
3.06375 5.72879 1.53333
2.99241 4.96517 0.333333
0.0375906 6.29388 0.0666667
0.805261 2.94865 0.4
0.984962 6.16008 0.0666667
-0.186839 4.4229 1.8
-1.55831 4.29057 1.73333
1.75293 4.7075 0.2
2.25433 2.5333 0.6
4.63627 4.06761 1.93333
-0.795322 3.56209 0.933333
0.250259 5.53409 1.8
-0.194579 6.16915 0.0666667
1.13314 4.17706 0.2
5.72618 4.67332 1.93333
-1.7623 2.51742 1.8
4.8329 2.66572 1.6
3.38988 4.46326 0.333333
4.55598 4.9352 1.93333
-0.0762719 4.81808 1.8
2.38769 3.95722 0.2
-1.37491 4.66136 1.73333
-1.06076 4.25178 0.933333
3.57099 4.56057 0.333333
1.37415 4.53934 0.2
2.29318 5.37748 1.53333
7.53222 4.03172 0.2
-0.551464 3.00078 0.933333
1.19229 5.2008 0.533333
3.13717 4.43654 0.333333
2.69974 1.19244 1.6
0.249451 5.01225 1.8
3.52413 3.96641 0.333333
-1.3053 2.9656 0.933333
2.77157 3.12173 0.6
2.19423 6.28677 1.53333
3.32916 4.91273 0.333333
0.36195 4.03446 1.8
6.79321 3.57576 1.2
3.99918 3.29195 0.333333
4.32693 4.11314 0.333333
2.88499 2.40265 0.6
5.19525 4.43861 1.93333
3.05988 4.46626 0.333333
2.88074 2.9753 0.6
3.069 5.42132 1.53333
1.58294 3.38375 0.2
3.00216 3.92827 0.333333
2.33483 5.51226 1.53333
2.25899 5.04687 1.53333
-0.21571 2.87895 0.933333
-4.0325 5.66892 0.0666667
4.29875 3.6024 0.333333
3.01306 4.02482 0.333333
2.75026 4.0452 0.333333
3.20958 4.87845 0.333333
2.88765 6.4378 0
-0.171827 4.00607 1.8
0.660357 4.77524 1.8
1.32105 6.58024 0
3.56479 2.69541 0.6
2.03393 4.22457 0.2
2.41543 3.79395 0.2
3.24982 5.54694 1.53333
5.13267 2.52901 1.6
1.15536 1.32705 0.666667
0.309961 5.26366 1.8
3.19713 4.80052 0.333333
1.85091 2.72541 0.4
0.46672 4.40523 1.8
1.04546 2.86588 0.4
0.640477 3.50945 0.4
4.12595 4.03753 0.333333
3.03219 3.58919 0.333333
3.81774 4.19191 0.333333
-2.33066 4.10947 1.8
3.41152 4.24423 0.333333
1.93079 5.29792 1.53333
0.139845 4.55462 1.8
6.80778 4.27189 0.2
5.22469 4.45152 1.93333
1.21393 4.29779 0.2
4.27965 3.21668 1.6
1.22618 2.64516 0.4
2.98562 2.72302 0.6
3.31834 3.6672 0.333333
1.52262 2.48001 0.4
1.94802 4.93542 0.2
4.38949 4.22265 0.333333
-1.35978 4.5343 1.73333
5.32246 3.21053 1.2
1.19315 3.50828 0.2
1.16023 5.29638 0.533333
4.44596 4.34382 1.93333
2.66108 3.58513 0.333333
-0.94627 4.22615 0.933333
0.39803 1.91708 1.73333
-1.40996 3.62167 0.933333
0.116205 2.92451 0.4
2.45529 3.7665 0.2
3.3851 3.49041 0.333333
2.42002 4.36336 0.2
4.3349 5.41407 1.06667
-0.908216 3.67022 0.933333
5.11088 3.56844 1.93333
0.358409 3.18468 0.4
1.19263 2.9305 0.4
3.2996 5.21503 1.53333
2.16775 3.46942 0.2
0.907059 5.31103 1.8
3.94178 3.68583 0.333333
3.35148 3.5844 0.333333
2.90926 5.00183 1.53333
1.47708 3.9202 0.2
0.601016 4.29453 1.8
1.12026 3.50844 0.2
2.20791 5.82996 1.53333
2.62684 2.87159 0.6
1.91635 4.94145 0.2
1.52535 4.77093 0.2
1.39567 3.689 0.2
2.24193 4.61776 0.2
2.19824 4.27223 0.2
1.73707 4.35451 0.2
-0.966496 3.00268 0.933333
0.318008 5.22476 1.8
-2.55923 3.42388 1.8
4.03453 4.27654 0.333333
-0.0939467 3.82166 1.8
8.70602 3.27207 0.333333
1.84451 3.64419 0.2
4.12931 3.74227 0.333333
0.233987 4.27029 1.8
0.50111 4.25227 1.8
5.42512 2.31871 0
1.39611 5.3801 0.533333
1.62182 4.00988 0.2
-2.43268 3.57907 1.8
5.71021 3.25155 1.2
0.387147 3.63266 0.4
-0.103715 4.56927 1.8
3.0942 3.91223 0.333333
-0.25039 3.97589 1.8
-1.04086 4.0169 0.933333
-2.02351 4.22425 1.8
-0.0630971 3.63321 0.933333
2.35053 5.59519 1.53333
1.55788 2.94464 0.4
2.14114 1.55494 1.6
3.12063 3.44412 0.333333
3.46387 3.56984 0.333333
4.93717 4.5213 1.93333
1.00052 1.93022 0.666667
-1.17136 4.6158 1.73333
5.36694 4.44926 1.93333
3.86795 1.6738 0.733333
3.19198 4.74139 0.333333
2.24705 5.32339 1.53333
5.81841 3.76623 1.2
1.0374 3.96087 0.2
2.94077 3.33164 0.333333
1.49862 3.7335 0.2
3.78629 2.65861 1.6
1.72086 3.24884 0.2
2.67129 2.99359 0.6
-0.217859 4.12078 1.8
3.59765 3.26002 0.333333
3.09363 3.30807 0.333333
2.31038 3.81258 0.2
0.525119 4.91084 1.8
3.52213 3.85586 0.333333
3.52836 4.20785 0.333333
2.01789 3.8346 0.2
3.2843 5.42877 1.53333
2.35707 4.80113 0.2
2.682 3.67787 0.333333
3.95288 5.12143 1.06667
-1.26169 3.99899 0.933333
-0.900851 3.07335 0.933333
-0.26737 4.63094 1.8
3.73128 4.38888 0.333333
0.748399 4.85066 1.8
1.08547 5.06291 1.8
2.04682 3.22831 0.6
2.55566 4.52307 0.2
-0.0754538 3.29928 0.933333
-1.84981 3.85213 1.8
1.07914 1.82517 0.666667
-0.940138 2.92464 0.933333
0.358337 4.74128 1.8
2.69168 5.89864 1.53333
-2.01687 5.24033 1.73333
3.86432 2.80659 1.6
4.58443 3.82592 1.93333
4.25294 3.97207 0.333333
0.216401 3.182 0.4
1.67237 4.4957 0.2
1.46259 2.2686 0.4
1.1836 5.24987 0.533333
0.769534 4.99278 1.8
-0.0575292 4.92487 1.8
2.94343 4.64631 0.333333
2.53538 4.77458 1.53333
3.4415 4.46865 0.333333
2.32594 3.81103 0.2
3.39629 4.76831 0.333333
3.23675 2.85528 0.6
-1.49973 3.96607 0.933333
3.93758 3.07523 1.6
-0.801098 2.81827 0.933333
4.9127 4.72988 1.93333
7.7564 4.12169 0.2
1.04232 4.0138 0.2
0.729222 2.73263 0.4
2.02313 3.84786 0.2
2.9475 4.68209 0.333333
1.43625 3.54366 0.2
5.34279 4.55741 1.93333
5.18678 4.00022 1.93333
1.93955 4.27738 0.2
3.96091 4.28704 0.333333
1.40451 5.78787 0.533333
3.39903 4.60438 0.333333
0.147617 5.83523 0.0666667
2.08349 4.00587 0.2
6.39344 2.63006 1.2
-1.46518 1.46086 0
0.152312 2.31663 1.73333
3.83207 4.00064 0.333333
-0.642523 5.46386 1.73333
0.815934 4.55202 0.2
0.882611 4.50975 0.2
1.9933 2.45198 0.6
5.84082 3.56517 1.2
2.84799 3.57978 0.333333
1.95735 5.02824 0.2
4.40394 5.95204 1.06667
3.89454 4.15794 0.333333
4.64911 4.7253 1.93333
2.13994 3.354 0.2
3.09142 3.94799 0.333333
3.43019 4.38134 0.333333
1.8284 5.43106 1.53333
4.06569 2.87811 1.6
0.0539673 4.16097 1.8
1.74471 3.08219 0.4
1.28226 3.27974 0.4
2.88524 2.49348 0.6
4.00219 2.91527 1.6
2.02763 5.80352 1.53333
1.64095 5.6062 1.53333
1.44931 4.48065 0.2
6.14741 3.37277 1.2
5.13953 4.31792 1.93333
3.53231 5.33734 1.06667
5.07952 3.57248 1.93333
1.14663 3.38807 0.2
2.76441 4.2182 0.333333
3.89352 3.39027 0.333333
1.28532 4.47155 0.2
3.55568 2.03134 1.6
1.54283 4.63977 0.2
2.57994 3.48281 0.6
4.01057 3.30213 0.333333
1.38989 5.68333 0.533333
-0.444142 3.32162 0.933333
