-2.36309 0.905412 6.52734 0.870463 150.911
-0.596885 1.21556 2.47613 0.837702 140.063
-0.0350152 2.13689 1.60822 0.410159 107.586


-2.43854 0.917211 6.6407 0.838425 150.538
-0.519489 1.12281 2.05359 0.696764 131.413
0.0252503 2.00996 1.6108 0.187318 100.496


-2.54824 0.957104 6.58406 0.820716 149.935
-0.407271 0.957733 1.89757 0.567205 123.519
0.0961106 1.79767 1.67884 0.119242 98.7104


-2.68366 1.03007 6.39158 0.822112 149.554
-0.29859 0.733551 1.84723 0.458036 115.697
0.140146 1.57833 1.76875 0.0984887 97.7518


-2.85387 1.15504 5.97645 0.831062 150.05
-0.201457 0.43877 1.91467 0.368614 107.859
0.168105 1.37878 1.87872 0.0949227 96.8936


-3.0811 1.37331 5.13986 0.772555 153.684
-0.128585 0.0552873 2.16964 0.294773 100.448
0.186989 1.21389 1.95261 0.0974917 96.0729


-3.31447 1.6221 4.13526 0.614988 161.359
-0.0913175 -0.237062 2.22045 0.242344 96.318
0.202276 1.08877 1.8938 0.101385 95.55


-3.4884 1.7962 3.37338 0.463314 169.795
-0.0587447 -0.372239 2.00169 0.22887 94.7795
0.214975 1.00302 1.88608 0.105791 95.6494


-3.58937 1.88465 2.96109 0.358618 175.737
-0.0346885 -0.431166 1.75357 0.229428 93.6424
0.217088 0.990484 1.96403 0.110905 96.3577


-3.63378 1.91259 2.81326 0.337976 177.736
-0.0292266 -0.446074 1.59593 0.228979 92.8566
0.213936 1.02846 2.03856 0.115924 97.2001


-3.65521 1.92083 2.75093 0.334675 178.31
-0.0305403 -0.446587 1.53149 0.226581 92.5331
0.216215 1.06803 2.08015 0.120862 98.0401


-3.66578 1.92331 2.72079 0.333904 178.476
-0.0343455 -0.442811 1.50804 0.220496 92.3337
0.226415 1.0934 2.11112 0.125209 98.9337


-3.67032 1.92386 2.70643 0.33386 178.513
-0.0403413 -0.436458 1.49914 0.210505 92.0757
0.245 1.10147 2.16045 0.128641 99.9684


-3.67056 1.92346 2.70254 0.334207 178.493
-0.0482542 -0.427741 1.49564 0.196594 91.6887
0.271481 1.09253 2.24144 0.130141 101.097


-3.66676 1.92225 2.70788 0.33487 178.426
-0.0557086 -0.41839 1.49514 0.18123 91.2398
0.301343 1.07552 2.33672 0.128196 102.074


-3.65941 1.9204 2.72148 0.335726 178.323
-0.0596029 -0.4113 1.49659 0.168809 90.8775
0.327558 1.06476 2.41382 0.122923 102.706


-3.65037 1.91838 2.73996 0.336525 178.21
-0.0599849 -0.4069 1.49797 0.160789 90.642
0.347477 1.06494 2.46696 0.116338 103.081


-3.64163 1.91664 2.75911 0.337113 178.114
-0.0584775 -0.403656 1.49811 0.156044 90.4904
0.362103 1.07351 2.50719 0.110082 103.348


-3.63419 1.91532 2.7763 0.337497 178.043
-0.0560857 -0.400297 1.49752 0.153342 90.3841
0.37298 1.08737 2.54222 0.104703 103.582


-3.62822 1.91437 2.79058 0.337737 177.995
-0.0532503 -0.396208 1.49717 0.151903 90.3005
0.381322 1.10422 2.57548 0.100168 103.802


-3.62356 1.91373 2.80201 0.337884 177.963
-0.050186 -0.391192 1.49777 0.151258 90.2277
0.387989 1.12252 2.6086 0.0962843 104.013


-3.61997 1.9133 2.811 0.337975 177.944
-0.0470169 -0.385266 1.49964 0.151117 90.1593
0.39356 1.1413 2.64252 0.0928649 104.216


-3.61719 1.91302 2.81802 0.338031 177.933
-0.0438203 -0.378543 1.50282 0.151297 90.0925
0.398425 1.15998 2.67779 0.0897651 104.412


-3.61505 1.91285 2.82351 0.338067 177.928
-0.0406449 -0.371173 1.50723 0.151679 90.0264
0.402837 1.17825 2.71474 0.0868798 104.6


-3.61338 1.91276 2.82783 0.33809 177.927
-0.0375215 -0.363304 1.51272 0.152186 89.961
0.406967 1.19595 2.75357 0.084135 104.782


-3.61207 1.91273 2.83124 0.338106 177.93
-0.0344696 -0.355075 1.51909 0.15277 89.8965
0.410926 1.21304 2.79439 0.081478 104.958


-3.61105 1.91275 2.83394 0.338117 177.935
-0.031502 -0.346601 1.52619 0.153398 89.8334
0.414789 1.2295 2.83728 0.0788714 105.128


-3.61024 1.9128 2.8361 0.338127 177.941
-0.0286278 -0.337981 1.53386 0.154048 89.7724
0.418613 1.24533 2.88225 0.0762878 105.294


-3.6096 1.91288 2.83783 0.338135 177.949
-0.0258537 -0.329294 1.54197 0.154706 89.7138
0.422438 1.26054 2.92935 0.0737067 105.454


-3.6091 1.91299 2.83921 0.338143 177.958
-0.0231852 -0.320602 1.55041 0.155361 89.658
0.4263 1.27513 2.97857 0.0711126 105.61


-3.60871 1.91311 2.84031 0.338151 177.968
-0.0206272 -0.311954 1.5591 0.156006 89.6052
0.430231 1.28907 3.02994 0.0684938 105.761


-3.6084 1.91324 2.8412 0.338159 177.979
-0.0181842 -0.303389 1.56798 0.156635 89.5558
0.434261 1.30232 3.08349 0.0658415 105.907


-3.60817 1.91339 2.8419 0.338167 177.991
-0.0158605 -0.294932 1.57699 0.157244 89.5098
0.438422 1.31482 3.13927 0.0631501 106.047


-3.60799 1.91354 2.84247 0.338175 178.003
-0.0136596 -0.286603 1.58611 0.157828 89.4671
0.442744 1.32645 3.19731 0.0604171 106.181


-3.60786 1.91371 2.84294 0.338184 178.016
-0.0115852 -0.278414 1.5953 0.158383 89.4276
0.447259 1.33709 3.25769 0.0576441 106.308


-3.60777 1.91389 2.84331 0.338193 178.029
-0.00963998 -0.270369 1.60456 0.158907 89.3912
0.451995 1.34657 3.32046 0.0548377 106.427


-3.60771 1.91406 2.84363 0.338203 178.042
-0.00782609 -0.26247 1.6139 0.159397 89.3575
0.456976 1.35468 3.3857 0.0520107 106.537


-3.60768 1.91425 2.84389 0.338213 178.056
-0.00614452 -0.254717 1.6233 0.159849 89.3262
0.462218 1.3612 3.45343 0.0491834 106.636


-3.60767 1.91443 2.84411 0.338225 178.069
-0.00459471 -0.247106 1.63278 0.160263 89.2968
0.467725 1.36587 3.52364 0.0463846 106.725


-3.60768 1.91462 2.84427 0.338239 178.083
-0.00317411 -0.23964 1.64233 0.160638 89.2688
0.473479 1.36849 3.59618 0.0436514 106.8


-3.60773 1.9148 2.84437 0.338254 178.096
-0.00187764 -0.232325 1.65194 0.160973 89.2417
0.479442 1.36887 3.67078 0.0410273 106.862


-3.60781 1.91497 2.84437 0.338273 178.109
-0.000697611 -0.225181 1.66157 0.16127 89.215
0.485547 1.36694 3.747 0.0385583 106.911


-3.60794 1.91514 2.84425 0.338295 178.121
0.000376053 -0.218235 1.67114 0.161534 89.1885
0.491702 1.36278 3.82417 0.0362869 106.948


-3.60813 1.9153 2.84397 0.338319 178.132
0.00135487 -0.211534 1.68055 0.161768 89.1621
0.497795 1.35661 3.90143 0.0342456 106.973


-3.60838 1.91544 2.8435 0.338347 178.142
0.00225038 -0.20513 1.68968 0.161979 89.1356
0.503706 1.34882 3.97781 0.0324519 106.988


-3.60869 1.91557 2.84282 0.338375 178.151
0.00307268 -0.199085 1.69837 0.16217 89.1094
0.509315 1.3399 4.05228 0.030907 106.997


-3.60906 1.91568 2.84196 0.338404 178.159
0.00382936 -0.193452 1.70651 0.162347 89.0837
0.514522 1.33037 4.12384 0.029598 107


-3.60948 1.91578 2.84093 0.338433 178.165
0.00452531 -0.188278 1.71399 0.162512 89.059
0.519256 1.32073 4.19161 0.0285024 106.999


-3.60993 1.91587 2.83979 0.338459 178.17
0.00516324 -0.183589 1.72075 0.162667 89.0354
0.523476 1.31136 4.25489 0.0275931 106.997


-3.6104 1.91594 2.83858 0.338483 178.174
0.00574459 -0.179393 1.72676 0.162812 89.0134
0.527173 1.30255 4.31319 0.0268421 106.994


-3.61086 1.916 2.83736 0.338505 178.177
0.00627051 -0.175681 1.73203 0.162948 88.9932
0.530367 1.29448 4.36625 0.0262234 106.991


-3.6113 1.91605 2.83618 0.338523 178.18
0.00674248 -0.172429 1.73662 0.163073 88.9747
0.533092 1.28723 4.414 0.025714 106.989


-3.61172 1.91609 2.83506 0.338539 178.182
0.00716265 -0.169603 1.74057 0.163187 88.9582
0.535396 1.28081 4.45654 0.0252943 106.986


-3.6121 1.91613 2.83403 0.338553 178.183
0.00753387 -0.167166 1.74394 0.16329 88.9434
0.53733 1.2752 4.4941 0.024948 106.984


-3.61244 1.91616 2.8331 0.338564 178.185
0.0078596 -0.165075 1.74682 0.163383 88.9304
0.538944 1.27034 4.52702 0.0246618 106.983


-3.61274 1.91618 2.83227 0.338574 178.186
0.00814366 -0.16329 1.74925 0.163465 88.919
0.540287 1.26616 4.55568 0.0244248 106.982


-3.613 1.91621 2.83154 0.338582 178.186
0.00839006 -0.161772 1.75131 0.163537 88.909
0.541401 1.26259 4.58049 0.0242281 106.981


-3.61323 1.91622 2.83091 0.338589 178.187
0.00860281 -0.160484 1.75305 0.1636 88.9004
0.542324 1.25955 4.60186 0.0240647 106.98


-3.61343 1.91624 2.83037 0.338595 178.187
0.00878577 -0.159395 1.75451 0.163654 88.8929
0.543087 1.25697 4.62019 0.0239286 106.98


-3.6136 1.91625 2.8299 0.3386 178.188
0.00894259 -0.158476 1.75573 0.163701 88.8866
0.54372 1.25478 4.63587 0.0238152 106.979


-3.61374 1.91626 2.82951 0.338604 178.188
0.0090766 -0.157701 1.75676 0.163742 88.8811
0.544243 1.25293 4.64923 0.0237206 106.979


-3.61386 1.91626 2.82917 0.338607 178.188
0.00919084 -0.157048 1.75763 0.163776 88.8764
0.544677 1.25137 4.66059 0.0236415 106.979


-3.61396 1.91627 2.82889 0.33861 178.188
0.00928802 -0.156499 1.75835 0.163805 88.8724
0.545037 1.25006 4.67023 0.0235754 106.979


-3.61404 1.91628 2.82865 0.338613 178.189
0.00937054 -0.156037 1.75896 0.16383 88.869
0.545336 1.24895 4.6784 0.0235201 106.979


-3.61411 1.91628 2.82845 0.338615 178.189
0.00944049 -0.155649 1.75947 0.163851 88.8661
0.545584 1.24802 4.68531 0.0234738 106.979


-3.61417 1.91628 2.82829 0.338616 178.189
0.00949971 -0.155323 1.7599 0.163869 88.8637
0.54579 1.24724 4.69115 0.023435 106.979


-3.61422 1.91629 2.82815 0.338618 178.189
0.0095498 -0.15505 1.76025 0.163884 88.8616
0.545962 1.24658 4.69607 0.0234025 106.979


-3.61426 1.91629 2.82803 0.338619 178.189
0.00959211 -0.15482 1.76055 0.163897 88.8599
0.546106 1.24603 4.70023 0.0233753 106.979


-3.6143 1.91629 2.82793 0.33862 178.189
0.00962782 -0.154627 1.76081 0.163907 88.8584
0.546225 1.24557 4.70373 0.0233524 106.979


-3.61433 1.91629 2.82785 0.338621 178.189
0.00965794 -0.154466 1.76102 0.163916 88.8571
0.546325 1.24518 4.70668 0.0233333 106.979


-3.61435 1.91629 2.82778 0.338622 178.189
0.00968333 -0.15433 1.76119 0.163924 88.8561
0.546408 1.24485 4.70916 0.0233172 106.979


-3.61437 1.9163 2.82772 0.338622 178.189
0.00970471 -0.154216 1.76134 0.16393 88.8552
0.546477 1.24457 4.71124 0.0233038 106.979


-3.61439 1.9163 2.82767 0.338623 178.189
0.00972272 -0.15412 1.76147 0.163936 88.8544
0.546536 1.24434 4.713 0.0232925 106.979


-3.6144 1.9163 2.82763 0.338623 178.189
0.00973787 -0.15404 1.76157 0.16394 88.8538
0.546584 1.24415 4.71448 0.023283 106.979


-3.61442 1.9163 2.8276 0.338624 178.189
0.00975062 -0.153973 1.76166 0.163944 88.8533
0.546625 1.24399 4.71572 0.0232751 106.979


-3.61443 1.9163 2.82757 0.338624 178.189
0.00976135 -0.153916 1.76173 0.163947 88.8528
0.546659 1.24385 4.71676 0.0232684 106.979


-3.61443 1.9163 2.82755 0.338624 178.189
0.00977037 -0.153869 1.76179 0.16395 88.8525
0.546688 1.24374 4.71763 0.0232628 106.979


-3.61444 1.9163 2.82753 0.338624 178.189
0.00977795 -0.153829 1.76184 0.163952 88.8521
0.546711 1.24364 4.71837 0.0232581 106.979


-3.61445 1.9163 2.82751 0.338625 178.189
0.00978432 -0.153796 1.76189 0.163954 88.8519
0.546732 1.24356 4.71899 0.0232542 106.979


-3.61445 1.9163 2.8275 0.338625 178.189
0.00978967 -0.153768 1.76192 0.163955 88.8516
0.546748 1.24349 4.71951 0.0232509 106.979


-3.61446 1.9163 2.82748 0.338625 178.189
0.00979417 -0.153745 1.76195 0.163957 88.8515
0.546762 1.24343 4.71994 0.0232481 106.979


-3.61446 1.9163 2.82747 0.338625 178.189
0.00979794 -0.153725 1.76198 0.163958 88.8513
0.546774 1.24339 4.72031 0.0232458 106.979


-3.61446 1.9163 2.82747 0.338625 178.189
0.00980112 -0.153708 1.762 0.163959 88.8512
0.546784 1.24335 4.72061 0.0232438 106.979


-3.61446 1.9163 2.82746 0.338625 178.189
0.00980378 -0.153695 1.76202 0.163959 88.8511
0.546792 1.24331 4.72087 0.0232422 106.979


-3.61447 1.9163 2.82745 0.338625 178.189
0.00980602 -0.153683 1.76203 0.16396 88.851
0.546799 1.24329 4.72109 0.0232408 106.979


-3.61447 1.9163 2.82745 0.338625 178.189
0.0098079 -0.153673 1.76205 0.163961 88.8509
0.546805 1.24326 4.72127 0.0232396 106.979


-3.61447 1.9163 2.82745 0.338625 178.189
0.00980948 -0.153665 1.76206 0.163961 88.8508
0.54681 1.24324 4.72142 0.0232387 106.979


-3.61447 1.9163 2.82744 0.338625 178.189
0.0098108 -0.153658 1.76207 0.163961 88.8508
0.546814 1.24322 4.72155 0.0232379 106.979


-3.61447 1.9163 2.82744 0.338625 178.189
0.00981191 -0.153652 1.76207 0.163962 88.8507
0.546818 1.24321 4.72166 0.0232372 106.979


-3.61447 1.9163 2.82744 0.338626 178.189
0.00981285 -0.153647 1.76208 0.163962 88.8507
0.546821 1.2432 4.72175 0.0232366 106.979


-3.61447 1.9163 2.82743 0.338626 178.189
0.00981363 -0.153643 1.76209 0.163962 88.8506
0.546823 1.24319 4.72182 0.0232361 106.979


-3.61447 1.9163 2.82743 0.338626 178.189
0.00981429 -0.15364 1.76209 0.163962 88.8506
0.546825 1.24318 4.72189 0.0232357 106.979


-3.61447 1.9163 2.82743 0.338626 178.189
0.00981484 -0.153637 1.76209 0.163963 88.8506
0.546827 1.24317 4.72194 0.0232354 106.979


-3.61448 1.9163 2.82743 0.338626 178.189
0.0098153 -0.153635 1.7621 0.163963 88.8506
0.546828 1.24317 4.72199 0.0232351 106.979


-3.61448 1.9163 2.82743 0.338626 178.189
0.00981569 -0.153633 1.7621 0.163963 88.8506
0.546829 1.24316 4.72202 0.0232348 106.979


-3.61448 1.9163 2.82743 0.338626 178.189
0.00981602 -0.153631 1.7621 0.163963 88.8505
0.54683 1.24316 4.72206 0.0232346 106.979


-3.61448 1.9163 2.82743 0.338626 178.189
0.00981629 -0.15363 1.7621 0.163963 88.8505
0.546831 1.24316 4.72208 0.0232345 106.979


-3.61448 1.9163 2.82743 0.338626 178.189
0.00981652 -0.153628 1.76211 0.163963 88.8505
0.546832 1.24315 4.7221 0.0232343 106.979


-3.61448 1.9163 2.82743 0.338626 178.189
0.00981672 -0.153627 1.76211 0.163963 88.8505
0.546833 1.24315 4.72212 0.0232342 106.979


-3.61448 1.9163 2.82743 0.338626 178.189
0.00981688 -0.153626 1.76211 0.163963 88.8505
0.546833 1.24315 4.72214 0.0232341 106.979


-3.61448 1.9163 2.82743 0.338626 178.189
0.00981702 -0.153626 1.76211 0.163963 88.8505
0.546833 1.24315 4.72215 0.023234 106.979


-3.61448 1.9163 2.82743 0.338626 178.189
0.00981713 -0.153625 1.76211 0.163963 88.8505
0.546834 1.24315 4.72216 0.023234 106.979


-3.61448 1.9163 2.82743 0.338626 178.189
0.00981723 -0.153625 1.76211 0.163963 88.8505
0.546834 1.24314 4.72217 0.0232339 106.979


-3.61448 1.9163 2.82743 0.338626 178.189
0.00981731 -0.153624 1.76211 0.163963 88.8505
0.546834 1.24314 4.72218 0.0232339 106.979


-3.61448 1.9163 2.82743 0.338626 178.189
0.00981737 -0.153624 1.76211 0.163963 88.8505
0.546835 1.24314 4.72219 0.0232338 106.979


-3.61448 1.9163 2.82742 0.338626 178.189
0.00981743 -0.153624 1.76211 0.163963 88.8505
0.546835 1.24314 4.72219 0.0232338 106.979


-3.61448 1.9163 2.82742 0.338626 178.189
0.00981748 -0.153623 1.76211 0.163963 88.8505
0.546835 1.24314 4.7222 0.0232338 106.979


-3.61448 1.9163 2.82742 0.338626 178.189
0.00981752 -0.153623 1.76211 0.163963 88.8505
0.546835 1.24314 4.7222 0.0232337 106.979


-3.61448 1.9163 2.82742 0.338626 178.189
0.00981755 -0.153623 1.76211 0.163963 88.8505
0.546835 1.24314 4.7222 0.0232337 106.979


-3.61448 1.9163 2.82742 0.338626 178.189
0.00981758 -0.153623 1.76211 0.163963 88.8505
0.546835 1.24314 4.72221 0.0232337 106.979


-3.61448 1.9163 2.82742 0.338626 178.189
0.0098176 -0.153623 1.76211 0.163963 88.8505
0.546835 1.24314 4.72221 0.0232337 106.979


-3.61448 1.9163 2.82742 0.338626 178.189
0.00981762 -0.153623 1.76211 0.163963 88.8505
0.546835 1.24314 4.72221 0.0232337 106.979


-3.61448 1.9163 2.82742 0.338626 178.189
0.00981764 -0.153623 1.76211 0.163963 88.8505
0.546835 1.24314 4.72221 0.0232337 106.979


-3.61448 1.9163 2.82742 0.338626 178.189
0.00981765 -0.153622 1.76211 0.163963 88.8505
0.546835 1.24314 4.72221 0.0232336 106.979


-3.61448 1.9163 2.82742 0.338626 178.189
0.00981767 -0.153622 1.76211 0.163963 88.8505
0.546835 1.24314 4.72221 0.0232336 106.979


-3.61448 1.9163 2.82742 0.338626 178.189
0.00981768 -0.153622 1.76211 0.163963 88.8505
0.546835 1.24314 4.72222 0.0232336 106.979


-3.61448 1.9163 2.82742 0.338626 178.189
0.00981768 -0.153622 1.76211 0.163963 88.8505
0.546836 1.24314 4.72222 0.0232336 106.979


-3.61448 1.9163 2.82742 0.338626 178.189
0.00981769 -0.153622 1.76211 0.163963 88.8505
0.546836 1.24314 4.72222 0.0232336 106.979


-3.61448 1.9163 2.82742 0.338626 178.189
0.0098177 -0.153622 1.76211 0.163963 88.8505
0.546836 1.24314 4.72222 0.0232336 106.979


-3.61448 1.9163 2.82742 0.338626 178.189
0.0098177 -0.153622 1.76211 0.163963 88.8505
0.546836 1.24314 4.72222 0.0232336 106.979


-3.61448 1.9163 2.82742 0.338626 178.189
0.00981771 -0.153622 1.76211 0.163963 88.8505
0.546836 1.24314 4.72222 0.0232336 106.979


-3.61448 1.9163 2.82742 0.338626 178.189
0.00981771 -0.153622 1.76211 0.163963 88.8505
0.546836 1.24314 4.72222 0.0232336 106.979


-3.61448 1.9163 2.82742 0.338626 178.189
0.00981771 -0.153622 1.76211 0.163963 88.8505
0.546836 1.24314 4.72222 0.0232336 106.979


-3.61448 1.9163 2.82742 0.338626 178.189
0.00981771 -0.153622 1.76211 0.163963 88.8505
0.546836 1.24314 4.72222 0.0232336 106.979


-3.61448 1.9163 2.82742 0.338626 178.189
0.00981772 -0.153622 1.76211 0.163963 88.8505
0.546836 1.24314 4.72222 0.0232336 106.979


-3.61448 1.9163 2.82742 0.338626 178.189
0.00981772 -0.153622 1.76211 0.163963 88.8505
0.546836 1.24314 4.72222 0.0232336 106.979


-3.61448 1.9163 2.82742 0.338626 178.189
0.00981772 -0.153622 1.76211 0.163963 88.8505
0.546836 1.24314 4.72222 0.0232336 106.979


-3.61448 1.9163 2.82742 0.338626 178.189
0.00981772 -0.153622 1.76211 0.163963 88.8505
0.546836 1.24314 4.72222 0.0232336 106.979


-3.61448 1.9163 2.82742 0.338626 178.189
0.00981772 -0.153622 1.76211 0.163963 88.8505
0.546836 1.24314 4.72222 0.0232336 106.979


-3.61448 1.9163 2.82742 0.338626 178.189
0.00981772 -0.153622 1.76211 0.163963 88.8505
0.546836 1.24314 4.72222 0.0232336 106.979


-3.61448 1.9163 2.82742 0.338626 178.189
0.00981772 -0.153622 1.76211 0.163963 88.8505
0.546836 1.24314 4.72222 0.0232336 106.979


-3.61448 1.9163 2.82742 0.338626 178.189
0.00981772 -0.153622 1.76211 0.163963 88.8505
0.546836 1.24314 4.72222 0.0232336 106.979


-3.61448 1.9163 2.82742 0.338626 178.189
0.00981772 -0.153622 1.76211 0.163963 88.8505
0.546836 1.24314 4.72222 0.0232336 106.979


-3.61448 1.9163 2.82742 0.338626 178.189
0.00981772 -0.153622 1.76211 0.163963 88.8505
0.546836 1.24314 4.72222 0.0232336 106.979


-3.61448 1.9163 2.82742 0.338626 178.189
0.00981772 -0.153622 1.76211 0.163963 88.8505
0.546836 1.24314 4.72222 0.0232336 106.979


-3.61448 1.9163 2.82742 0.338626 178.189
0.00981773 -0.153622 1.76211 0.163963 88.8505
0.546836 1.24314 4.72222 0.0232336 106.979


-3.61448 1.9163 2.82742 0.338626 178.189
0.00981773 -0.153622 1.76211 0.163963 88.8505
0.546836 1.24314 4.72222 0.0232336 106.979


-3.61448 1.9163 2.82742 0.338626 178.189
0.00981773 -0.153622 1.76211 0.163963 88.8505
0.546836 1.24314 4.72222 0.0232336 106.979


-3.61448 1.9163 2.82742 0.338626 178.189
0.00981773 -0.153622 1.76211 0.163963 88.8505
0.546836 1.24314 4.72222 0.0232336 106.979


-3.61448 1.9163 2.82742 0.338626 178.189
0.00981773 -0.153622 1.76211 0.163963 88.8505
0.546836 1.24314 4.72222 0.0232336 106.979


-3.61448 1.9163 2.82742 0.338626 178.189
0.00981773 -0.153622 1.76211 0.163963 88.8505
0.546836 1.24314 4.72222 0.0232336 106.979


-3.61448 1.9163 2.82742 0.338626 178.189
0.00981773 -0.153622 1.76211 0.163963 88.8505
0.546836 1.24314 4.72222 0.0232336 106.979


-3.61448 1.9163 2.82742 0.338626 178.189
0.00981773 -0.153622 1.76211 0.163963 88.8505
0.546836 1.24314 4.72222 0.0232336 106.979


-3.61448 1.9163 2.82742 0.338626 178.189
0.00981773 -0.153622 1.76211 0.163963 88.8505
0.546836 1.24314 4.72222 0.0232336 106.979


-3.61448 1.9163 2.82742 0.338626 178.189
0.00981773 -0.153622 1.76211 0.163963 88.8505
0.546836 1.24314 4.72222 0.0232336 106.979


-3.61448 1.9163 2.82742 0.338626 178.189
0.00981773 -0.153622 1.76211 0.163963 88.8505
0.546836 1.24314 4.72222 0.0232336 106.979


-3.61448 1.9163 2.82742 0.338626 178.189
0.00981773 -0.153622 1.76211 0.163963 88.8505
0.546836 1.24314 4.72222 0.0232336 106.979


-3.61448 1.9163 2.82742 0.338626 178.189
0.00981773 -0.153622 1.76211 0.163963 88.8505
0.546836 1.24314 4.72222 0.0232336 106.979


-3.61448 1.9163 2.82742 0.338626 178.189
0.00981773 -0.153622 1.76211 0.163963 88.8505
0.546836 1.24314 4.72222 0.0232336 106.979


-3.61448 1.9163 2.82742 0.338626 178.189
0.00981773 -0.153622 1.76211 0.163963 88.8505
0.546836 1.24314 4.72222 0.0232336 106.979


-3.61448 1.9163 2.82742 0.338626 178.189
0.00981773 -0.153622 1.76211 0.163963 88.8505
0.546836 1.24314 4.72222 0.0232336 106.979


-3.61448 1.9163 2.82742 0.338626 178.189
0.00981773 -0.153622 1.76211 0.163963 88.8505
0.546836 1.24314 4.72222 0.0232336 106.979


-3.61448 1.9163 2.82742 0.338626 178.189
0.00981773 -0.153622 1.76211 0.163963 88.8505
0.546836 1.24314 4.72222 0.0232336 106.979


-3.61448 1.9163 2.82742 0.338626 178.189
0.00981773 -0.153622 1.76211 0.163963 88.8505
0.546836 1.24314 4.72222 0.0232336 106.979


-3.61448 1.9163 2.82742 0.338626 178.189
0.00981773 -0.153622 1.76211 0.163963 88.8505
0.546836 1.24314 4.72222 0.0232336 106.979


-3.61448 1.9163 2.82742 0.338626 178.189
0.00981773 -0.153622 1.76211 0.163963 88.8505
0.546836 1.24314 4.72222 0.0232336 106.979


-3.61448 1.9163 2.82742 0.338626 178.189
0.00981773 -0.153622 1.76211 0.163963 88.8505
0.546836 1.24314 4.72222 0.0232336 106.979


-3.61448 1.9163 2.82742 0.338626 178.189
0.00981773 -0.153622 1.76211 0.163963 88.8505
0.546836 1.24314 4.72222 0.0232336 106.979


-3.61448 1.9163 2.82742 0.338626 178.189
0.00981773 -0.153622 1.76211 0.163963 88.8505
0.546836 1.24314 4.72222 0.0232336 106.979


-3.61448 1.9163 2.82742 0.338626 178.189
0.00981773 -0.153622 1.76211 0.163963 88.8505
0.546836 1.24314 4.72222 0.0232336 106.979


-3.61448 1.9163 2.82742 0.338626 178.189
0.00981773 -0.153622 1.76211 0.163963 88.8505
0.546836 1.24314 4.72222 0.0232336 106.979


-3.61448 1.9163 2.82742 0.338626 178.189
0.00981773 -0.153622 1.76211 0.163963 88.8505
0.546836 1.24314 4.72222 0.0232336 106.979


-3.61448 1.9163 2.82742 0.338626 178.189
0.00981773 -0.153622 1.76211 0.163963 88.8505
0.546836 1.24314 4.72222 0.0232336 106.979


-3.61448 1.9163 2.82742 0.338626 178.189
0.00981773 -0.153622 1.76211 0.163963 88.8505
0.546836 1.24314 4.72222 0.0232336 106.979


-3.61448 1.9163 2.82742 0.338626 178.189
0.00981773 -0.153622 1.76211 0.163963 88.8505
0.546836 1.24314 4.72222 0.0232336 106.979


-3.61448 1.9163 2.82742 0.338626 178.189
0.00981773 -0.153622 1.76211 0.163963 88.8505
0.546836 1.24314 4.72222 0.0232336 106.979


-3.61448 1.9163 2.82742 0.338626 178.189
0.00981773 -0.153622 1.76211 0.163963 88.8505
0.546836 1.24314 4.72222 0.0232336 106.979


-3.61448 1.9163 2.82742 0.338626 178.189
0.00981773 -0.153622 1.76211 0.163963 88.8505
0.546836 1.24314 4.72222 0.0232336 106.979


-3.61448 1.9163 2.82742 0.338626 178.189
0.00981773 -0.153622 1.76211 0.163963 88.8505
0.546836 1.24314 4.72222 0.0232336 106.979


-3.61448 1.9163 2.82742 0.338626 178.189
0.00981773 -0.153622 1.76211 0.163963 88.8505
0.546836 1.24314 4.72222 0.0232336 106.979


-3.61448 1.9163 2.82742 0.338626 178.189
0.00981773 -0.153622 1.76211 0.163963 88.8505
0.546836 1.24314 4.72222 0.0232336 106.979


-3.61448 1.9163 2.82742 0.338626 178.189
0.00981773 -0.153622 1.76211 0.163963 88.8505
0.546836 1.24314 4.72222 0.0232336 106.979


-3.61448 1.9163 2.82742 0.338626 178.189
0.00981773 -0.153622 1.76211 0.163963 88.8505
0.546836 1.24314 4.72222 0.0232336 106.979


-3.61448 1.9163 2.82742 0.338626 178.189
0.00981773 -0.153622 1.76211 0.163963 88.8505
0.546836 1.24314 4.72222 0.0232336 106.979


-3.61448 1.9163 2.82742 0.338626 178.189
0.00981773 -0.153622 1.76211 0.163963 88.8505
0.546836 1.24314 4.72222 0.0232336 106.979


-3.61448 1.9163 2.82742 0.338626 178.189
0.00981773 -0.153622 1.76211 0.163963 88.8505
0.546836 1.24314 4.72222 0.0232336 106.979


-3.61448 1.9163 2.82742 0.338626 178.189
0.00981773 -0.153622 1.76211 0.163963 88.8505
0.546836 1.24314 4.72222 0.0232336 106.979


-3.61448 1.9163 2.82742 0.338626 178.189
0.00981773 -0.153622 1.76211 0.163963 88.8505
0.546836 1.24314 4.72222 0.0232336 106.979


-3.61448 1.9163 2.82742 0.338626 178.189
0.00981773 -0.153622 1.76211 0.163963 88.8505
0.546836 1.24314 4.72222 0.0232336 106.979


-3.61448 1.9163 2.82742 0.338626 178.189
0.00981773 -0.153622 1.76211 0.163963 88.8505
0.546836 1.24314 4.72222 0.0232336 106.979


-3.61448 1.9163 2.82742 0.338626 178.189
0.00981773 -0.153622 1.76211 0.163963 88.8505
0.546836 1.24314 4.72222 0.0232336 106.979


-3.61448 1.9163 2.82742 0.338626 178.189
0.00981773 -0.153622 1.76211 0.163963 88.8505
0.546836 1.24314 4.72222 0.0232336 106.979


-3.61448 1.9163 2.82742 0.338626 178.189
0.00981773 -0.153622 1.76211 0.163963 88.8505
0.546836 1.24314 4.72222 0.0232336 106.979


-3.61448 1.9163 2.82742 0.338626 178.189
0.00981773 -0.153622 1.76211 0.163963 88.8505
0.546836 1.24314 4.72222 0.0232336 106.979


-3.61448 1.9163 2.82742 0.338626 178.189
0.00981773 -0.153622 1.76211 0.163963 88.8505
0.546836 1.24314 4.72222 0.0232336 106.979


-3.61448 1.9163 2.82742 0.338626 178.189
0.00981773 -0.153622 1.76211 0.163963 88.8505
0.546836 1.24314 4.72222 0.0232336 106.979


-3.61448 1.9163 2.82742 0.338626 178.189
0.00981773 -0.153622 1.76211 0.163963 88.8505
0.546836 1.24314 4.72222 0.0232336 106.979


-3.61448 1.9163 2.82742 0.338626 178.189
0.00981773 -0.153622 1.76211 0.163963 88.8505
0.546836 1.24314 4.72222 0.0232336 106.979


-3.61448 1.9163 2.82742 0.338626 178.189
0.00981773 -0.153622 1.76211 0.163963 88.8505
0.546836 1.24314 4.72222 0.0232336 106.979


-3.61448 1.9163 2.82742 0.338626 178.189
0.00981773 -0.153622 1.76211 0.163963 88.8505
0.546836 1.24314 4.72222 0.0232336 106.979


-3.61448 1.9163 2.82742 0.338626 178.189
0.00981773 -0.153622 1.76211 0.163963 88.8505
0.546836 1.24314 4.72222 0.0232336 106.979


-3.61448 1.9163 2.82742 0.338626 178.189
0.00981773 -0.153622 1.76211 0.163963 88.8505
0.546836 1.24314 4.72222 0.0232336 106.979


-3.61448 1.9163 2.82742 0.338626 178.189
0.00981773 -0.153622 1.76211 0.163963 88.8505
0.546836 1.24314 4.72222 0.0232336 106.979


-3.61448 1.9163 2.82742 0.338626 178.189
0.00981773 -0.153622 1.76211 0.163963 88.8505
0.546836 1.24314 4.72222 0.0232336 106.979


-3.61448 1.9163 2.82742 0.338626 178.189
0.00981773 -0.153622 1.76211 0.163963 88.8505
0.546836 1.24314 4.72222 0.0232336 106.979


-3.61448 1.9163 2.82742 0.338626 178.189
0.00981773 -0.153622 1.76211 0.163963 88.8505
0.546836 1.24314 4.72222 0.0232336 106.979


-3.61448 1.9163 2.82742 0.338626 178.189
0.00981773 -0.153622 1.76211 0.163963 88.8505
0.546836 1.24314 4.72222 0.0232336 106.979


-3.61448 1.9163 2.82742 0.338626 178.189
0.00981773 -0.153622 1.76211 0.163963 88.8505
0.546836 1.24314 4.72222 0.0232336 106.979


-3.61448 1.9163 2.82742 0.338626 178.189
0.00981773 -0.153622 1.76211 0.163963 88.8505
0.546836 1.24314 4.72222 0.0232336 106.979


-3.61448 1.9163 2.82742 0.338626 178.189
0.00981773 -0.153622 1.76211 0.163963 88.8505
0.546836 1.24314 4.72222 0.0232336 106.979


