0.0107092 15.9875
0.0107092 15.6387
1.22118 15.6387
1.22118 15.9875
0.0107092 15.9875
1.22118 15.9875
1.22118 15.7444
1.22118 15.6387
2.43164 15.6387
2.43164 15.7444
1.22118 15.7444
2.43164 15.7444
2.43164 15.6387
2.43164 15.6387
3.64211 15.6387
3.64211 15.6387
2.43164 15.6387
3.64211 15.6387
3.64211 15.6387
3.64211 15.6387
4.85258 15.6387
4.85258 15.6387
3.64211 15.6387
4.85258 15.6387
4.85258 15.6387
4.85258 15.6387
6.06305 15.6387
6.06305 15.6387
4.85258 15.6387
6.06305 15.6387
6.06305 15.6387
6.06305 15.6387
7.27351 15.6387
7.27351 15.6387
6.06305 15.6387
7.27351 15.6387
7.27351 15.6387
7.27351 15.6387
8.48398 15.6387
8.48398 15.6387
7.27351 15.6387
8.48398 15.6387
8.48398 15.6387
8.48398 15.6387
9.69445 15.6387
9.69445 15.6387
8.48398 15.6387
9.69445 15.6387
9.69445 15.6466
9.69445 15.6387
10.9049 15.6387
10.9049 15.6466
9.69445 15.6466
10.9049 15.6466
10.9049 15.6671
10.9049 15.6387
12.1154 15.6387
12.1154 15.6671
10.9049 15.6671
12.1154 15.6671
12.1154 15.758
12.1154 15.6387
13.3258 15.6387
13.3258 15.758
12.1154 15.758
13.3258 15.758
13.3258 15.9614
13.3258 15.6387
14.5363 15.6387
14.5363 15.9614
13.3258 15.9614
14.5363 15.9614
14.5363 16.4023
14.5363 15.6387
15.7468 15.6387
15.7468 16.4023
14.5363 16.4023
15.7468 16.4023
15.7468 16.5614
15.7468 15.6387
16.9573 15.6387
16.9573 16.5614
15.7468 16.5614
16.9573 16.5614
16.9573 16.7103
16.9573 15.6387
18.1677 15.6387
18.1677 16.7103
16.9573 16.7103
18.1677 16.7103
18.1677 16.3682
18.1677 15.6387
19.3782 15.6387
19.3782 16.3682
18.1677 16.3682
19.3782 16.3682
19.3782 16.0273
19.3782 15.6387
20.5887 15.6387
20.5887 16.0273
19.3782 16.0273
20.5887 16.0273
20.5887 15.7887
20.5887 15.6387
21.7991 15.6387
21.7991 15.7887
20.5887 15.7887
21.7991 15.7887
21.7991 15.6705
21.7991 15.6387
23.0096 15.6387
23.0096 15.6705
21.7991 15.6705
23.0096 15.6705
23.0096 15.6478
23.0096 15.6387
24.2201 15.6387
24.2201 15.6478
23.0096 15.6478
24.2201 15.6478
