9.8833 17.0118
9.8833 17.0006
11.1866 17.0006
11.1866 17.0118
9.8833 17.0118
11.1866 17.0118
11.1866 17.0481
11.1866 17.0006
12.49 17.0006
12.49 17.0481
11.1866 17.0481
12.49 17.0481
12.49 17.2118
12.49 17.0006
13.7933 17.0006
13.7933 17.2118
12.49 17.2118
13.7933 17.2118
13.7933 17.5756
13.7933 17.0006
15.0967 17.0006
15.0967 17.5756
13.7933 17.5756
15.0967 17.5756
15.0967 18.0493
15.0967 17.0006
16.4 17.0006
16.4 18.0493
15.0967 18.0493
16.4 18.0493
16.4 18.2381
16.4 17.0006
17.7033 17.0006
17.7033 18.2381
16.4 18.2381
17.7033 18.2381
17.7033 18.0318
17.7033 17.0006
19.0067 17.0006
19.0067 18.0318
17.7033 18.0318
19.0067 18.0318
19.0067 17.5481
19.0067 17.0006
20.31 17.0006
20.31 17.5481
19.0067 17.5481
20.31 17.5481
20.31 17.2318
20.31 17.0006
21.6134 17.0006
21.6134 17.2318
20.31 17.2318
21.6134 17.2318
21.6134 17.0493
21.6134 17.0006
22.9167 17.0006
22.9167 17.0493
21.6134 17.0493
22.9167 17.0493
22.9167 17.0106
22.9167 17.0006
24.2201 17.0006
24.2201 17.0106
22.9167 17.0106
24.2201 17.0106
